function=erf(10*(x+1e-16))./(x+1e-16)--SOE
n=300
T=10
scale/n=0.2
digits=1200
step=0.001
xmin=0
xmax=10
Weight Function=1
Weight Setting=
MRterms=1,2,3,4,5,6,7,8,9,10,11,12,13,14,15,16,17,18,19,20,21,22,23,24,25,26,27,28,29,30,31,32,33,34,35,36,37,38,39,40,41,42,43,44,45,46,47,48,49,50
Maxerror=3.93258,0.694057,1.32311,1.32363,0.0993226,0.046845,0.00646481,0.00834643,0.00054622,0.000456621,3.09682e-05,4.54585e-05,4.06178e-06,2.65073e-06,6.72429e-07,2.73986e-07,2.76625e-07,2.20494e-08,1.18487e-08,1.18486e-08,1.05047e-08,1.03977e-08,1.03982e-08,1.03495e-08,1.03505e-08,1.02491e-08,1.02506e-08,9.9424e-09,9.94431e-09,9.26778e-09,9.26977e-09,8.21071e-09,8.21236e-09,6.89381e-09,6.89486e-09,5.41764e-09,5.4178e-09,1.56698e-09,1.56566e-09,1.5517e-09,1.42732e-09,1.38521e-09,1.38073e-09,1.31984e-09,1.31237e-09,1.30448e-09,1.1605e-09,1.52199e-09,1.26389e-09,1.77331e-09
