function=erf(4.*(x+1e-15))./(x+1e-15)--SOE
n=300
T=10
scale/n=0.5226
digits=1000
step=0.001
xmin=0
xmax=10
Weight Function=1
Weight Setting=
MRterms=1,2,3,4,5,6,7,8,9,10,11,12,13,14,15,16,17,18,19,20,21,22,23,24,25,26,27,28,29,30,31,32,33,34,35,36,37,38,39,40,41,42,43,44,45,46,47,48,49,50
Maxerror=1.14711,0.455598,0.542341,0.0445575,0.0319403,0.00185535,0.00392689,0.000295953,0.00021707,1.81641e-05,2.70578e-05,2.05701e-06,1.16848e-06,1.73095e-07,1.83313e-07,1.32472e-08,3.68211e-09,3.68214e-09,3.53695e-09,1.11194e-09,1.11194e-09,5.568e-10,5.39057e-10,8.22951e-10,8.1628e-10,1.18637e-09,1.16734e-09,1.36876e-09,1.36934e-09,1.34326e-09,1.39404e-09,1.37523e-09,1.37536e-09,1.35205e-09,1.31175e-09,1.3128e-09,1.24976e-09,1.25218e-09,1.16527e-09,1.16875e-09,1.04587e-09,1.04902e-09,9.50172e-10,9.50374e-10,9.48515e-10,9.48567e-10,9.24967e-10,9.35594e-10,9.31387e-10,9.44453e-10
