function=erf(0.5.*(x+1e-15))./(x+1e-15)--SOE
n=300
T=10
scale/n=4.4
digits=1000
step=0.001
xmin=0
xmax=10
Weight Function=1
Weight Setting=
MRterms=1,2,3,4,5,6,7,8,9,10,11,12,13,14,15,16,17,18,19,20,21,22,23,24,25,26,27,28,29,30,31,32,33,34,35,36,37,38,39,40,41,42,43,44,45,46,47,48,49,50
Maxerror=0.0349774,0.0650754,0.00627092,0.000283545,0.000469624,4.16632e-05,2.60386e-06,3.4217e-06,2.20751e-07,2.60137e-08,1.6085e-09,4.02566e-10,1.38816e-10,1.40394e-10,1.40502e-10,1.38755e-10,6.85724e-11,6.85738e-11,4.90278e-11,4.91028e-11,3.38484e-11,3.4599e-11,3.57664e-11,3.61953e-11,3.08006e-11,3.26047e-11,3.34098e-11,3.13082e-11,3.11912e-11,3.13344e-11,3.11665e-11,3.45475e-11,3.14414e-11,3.14037e-11,3.141e-11,3.14153e-11,3.14161e-11,3.14071e-11,3.14007e-11,3.13975e-11,3.18313e-11,4.54123e-11,6.6212e-11,4.51276e-10,49128.8,5.27479e-09,1.23999e-08,1.05488e-07,1.35217e-06,4.00658e+07
