function=erf(2.*(x+1e-15))./(x+1e-15)--SOE
n=300
T=10
scale/n=1.05
digits=1000
step=0.001
xmin=0
xmax=10
Weight Function=1
Weight Setting=
MRterms=1,2,3,4,5,6,7,8,9,10,11,12,13,14,15,16,17,18,19,20,21,22,23,24,25,26,27,28,29,30,31,32,33,34,35,36,37,38,39,40,41,42,43,44,45,46,47,48,49,50
Maxerror=0.406059,0.267504,0.272861,0.0229814,0.00471764,0.00208676,0.000144132,0.000134472,9.99936e-06,1.50197e-05,1.23583e-06,3.25987e-07,1.13021e-07,7.84946e-09,6.03576e-09,9.88187e-10,9.86263e-10,9.86259e-10,9.85409e-10,9.94135e-10,9.69965e-10,9.70532e-10,1.00928e-09,7.08559e-10,7.09083e-10,7.01834e-10,7.01857e-10,6.97193e-10,6.9195e-10,6.92505e-10,6.80192e-10,6.81909e-10,6.2842e-10,6.2977e-10,4.74657e-10,4.75584e-10,3.54753e-10,3.56344e-10,2.86706e-10,2.88204e-10,2.32543e-10,2.32528e-10,2.34031e-10,1.8253e-10,1.82939e-10,1.82113e-10,1.82365e-10,1.44977e-10,1.47816e-10,1.46395e-10
