function=erf(3*(x+1e-15))./(x+1e-15)--SOE
n=300
T=10
scale/n=0.715
digits=1000
step=0.001
xmin=0
xmax=10
Weight Function=1
Weight Setting=
MRterms=1,2,3,4,5,6,7,8,9,10,11,12,13,14,15,16,17,18,19,20,21,22,23,24,25,26,27,28,29,30,31,32,33,34,35,36,37,38,39,40,41,42,43,44,45,46,47,48,49,50
Maxerror=0.755812,0.371311,0.407108,0.034806,0.0183021,0.00272689,0.00300658,0.000240542,8.63377e-05,2.17207e-05,2.17428e-05,1.53101e-06,6.28984e-08,1.52788e-07,1.11817e-08,7.15722e-09,1.00344e-09,1.00298e-09,1.09309e-09,1.08991e-09,1.16468e-09,1.15394e-09,1.17365e-09,1.15552e-09,1.16406e-09,1.1848e-09,1.17788e-09,1.18099e-09,8.54354e-10,8.55083e-10,8.38109e-10,8.38448e-10,8.37423e-10,8.37427e-10,8.36998e-10,8.38554e-10,8.3449e-10,8.44538e-10,8.33422e-10,8.42706e-10,8.37006e-10,8.36938e-10,8.40805e-10,8.28546e-10,8.29792e-10,7.02195e-10,7.02217e-10,7.02826e-10,5.02425e-10,5.02674e-10
