function=erf((x+1e-15))./(x+1e-15)--SOE
n=300
T=10
scale/n=2.15
digits=1000
step=0.001
xmin=0
xmax=10
Weight Function=1
Weight Setting=
MRterms=1,2,3,4,5,6,7,8,9,10,11,12,13,14,15,16,17,18,19,20,21,22,23,24,25,26,27,28,29,30,31,32,33,34,35,36,37,38,39,40,41,42,43,44,45,46,47,48,49,50
Maxerror=0.125346,0.13908,0.0109749,0.008333,0.00100507,0.00104398,7.80301e-05,5.15612e-06,7.64929e-06,6.24165e-07,1.95219e-08,5.69962e-08,4.68224e-09,2.92089e-10,4.71055e-10,4.56436e-10,5.04261e-10,3.5153e-10,3.6927e-10,3.67996e-10,3.68052e-10,3.44679e-10,3.44702e-10,2.28304e-10,2.28691e-10,1.76712e-10,1.79475e-10,1.38624e-10,1.4228e-10,1.01e-10,1.04975e-10,7.4624e-11,1.05794e-10,9.62498e-11,7.19452e-11,1.2267e-10,7.63037e-11,7.25485e-11,6.97682e-11,7.16107e-11,7.07203e-11,7.15945e-11,7.19998e-11,7.18315e-11,7.20007e-11,7.17551e-11,7.16373e-11,7.161e-11,7.16261e-11,7.16131e-11
